1000
947
840
960
616
9
519
802
72
634
936
99
530
946
664
677
437
518
95
441
227
714
422
909
815
774
261
856
556
906
821
450
975
677
909
930
282
103
723
886
282
229
194
808
182
289
423
576
682
900
638
417
898
608
683
400
525
931
145
841
747
662
246
166
812
485
123
852
37
734
395
333
794
208
158
998
519
613
726
525
350
685
174
655
267
404
552
367
994
508
405
350
957
881
139
620
983
28
995
696
165
571
539
948
505
305
622
690
449
685
881
911
204
619
490
62
488
590
898
408
933
756
858
528
329
44
375
913
69
538
15
490
617
30
359
779
145
226
149
962
782
861
918
309
627
493
145
337
390
77
131
392
129
587
762
409
712
11
618
461
929
708
621
911
670
390
294
174
259
711
916
262
441
936
626
71
838
549
900
836
898
37
523
992
406
622
361
30
267
950
66
134
607
688
33
73
240
6
639
237
199
971
77
679
160
869
951
192
961
690
571
163
110
782
562
891
185
628
504
47
28
263
906
309
644
781
655
752
903
553
831
831
909
662
637
926
960
843
831
537
671
168
69
576
379
902
24
824
125
142
887
611
501
591
208
935
65
768
34
379
213
198
289
407
859
739
253
447
145
636
931
341
797
967
375
860
194
329
929
741
757
830
627
761
666
219
330
317
454
701
861
191
809
452
323
473
878
661
717
640
649
576
679
489
211
545
814
534
216
348
740
735
838
292
622
383
570
528
741
639
409
935
993
443
775
739
532
345
643
902
981
533
611
289
92
180
150
138
549
120
405
795
101
105
961
125
352
517
829
940
902
350
919
77
231
713
583
235
714
471
12
469
890
314
367
206
124
549
199
442
232
432
978
621
234
613
834
888
481
649
387
15
515
703
999
630
613
534
58
379
596
914
423
78
107
936
905
786
737
754
1
802
317
387
707
469
371
298
843
617
878
695
754
64
84
997
953
187
314
736
592
589
491
820
845
317
9
900
513
298
708
47
150
727
648
584
697
127
995
530
259
315
690
440
500
901
160
359
994
110
982
717
472
1
161
411
311
496
542
389
460
471
785
545
909
831
545
26
415
500
299
825
191
784
477
277
899
50
319
944
157
649
906
402
315
990
575
148
565
237
272
201
585
606
69
787
530
145
531
669
356
133
943
494
810
156
526
687
524
884
512
261
177
598
232
810
565
382
229
918
255
396
461
178
227
98
240
584
714
689
747
753
518
649
587
23
705
412
592
159
464
887
624
681
725
11
23
987
374
258
222
147
916
613
413
959
672
765
266
712
915
941
972
835
137
758
742
527
10
209
105
153
790
70
454
368
772
779
453
215
74
253
210
455
466
599
837
905
236
628
350
940
145
879
243
522
914
789
544
966
269
496
976
164
153
69
357
845
159
45
187
892
312
50
637
662
730
517
368
537
921
837
291
381
858
164
7
910
827
931
453
982
235
486
946
578
276
45
301
397
242
991
746
190
441
457
627
94
242
580
792
397
421
6
45
431
205
594
306
989
61
446
18
227
592
204
657
825
103
58
385
684
215
970
295
929
90
100
940
401
536
913
668
246
139
55
561
228
441
514
373
682
739
312
336
795
973
518
598
237
800
802
990
183
195
107
182
450
711
115
340
105
654
905
452
148
778
772
88
536
642
428
384
589
685
703
945
902
634
499
956
572
501
703
600
734
922
484
50
32
872
111
517
325
173
268
27
834
860
187
17
201
430
62
595
371
417
401
498
492
161
280
815
212
159
768
603
951
304
717
225
294
721
56
663
530
911
59
415
417
675
111
41
446
482
754
142
439
108
229
317
520
985
558
870
592
295
305
165
405
664
76
530
143
962
722
480
373
398
64
460
357
986
81
817
50
238
369
729
404
626
164
842
74
399
704
308
162
186
71
234
606
894
9
753
598
580
898
484
759
274
768
40
43
769
960
534
904
741
819
353
926
575
760
779
499
233
455
743
257
414
317
187
326
829
853
463
976
327
218
469
340
884
970
130
857
124
799
305
439
170
403
421
366
717
308
31
134
230
253
364
125
154
226
345
957
581
713
214
915
496
557
577
522
349
13
41
605
630
922
375
434
149
303
87
10
896
820
609
521
822
329
746
73
854
344
185
658
624
172
276
410
585
390
942
612
826
898
17
703
266
426
503
308
878
930
976
850
139
334
61
760
104
692
92
167
811
503
668
5
828
383
980
457
645
964
849
758
361
475
183
997
803
905
254
396
825
437
195
924
367
334
519
290
111
515
305
892
297
774
800
323
230
12
875
883
445
46
662
913
80
217
489
663
150
63
956
198
438
696
342
373
308
743
637
493
863
689
345
129
658
956
461
586
675
860
766
791
30
371
950
778
775
281
843
149
844
855
139
48
559
107
454
600
432
426
15
486
374
381
19
756
700
532
255
123
756
902
988
290
297
165
168
67
746
563
598
27
900
487
649
8
550
297
570
551
502
860
154
248
845
279
416
649
351
194
78
243
26
719
393
942
867
848
750
393
938
387
854
868
828
988
586
886
732
11
205
403
961
703
621
895
748
740
445
17
748
519
715
551
485
355
1
180
94
707
140
701
546
176
613
115
6
286
419
856
692
530
916
339
988
675
281
322
98
498
193
127
403
732
645
419
671
302
382
473
987
406
792
25
870
503
856
784
90
505
889
462
320
588
325
218
602
375
562
810
73
678
82
595
513
13
297
814
531
193
444
703
903
946
869
286
737
891
468
485
818
496
232
593
608
731
807
815
407
427
817
295
739
571
399
308
323
196
511
857
205
42
253
896
61
185
558
373
718
38
480
710
906
77
991
577
445
488
986
781
206
482
406
104
376
148
963
331
547
560
962
540
379
611
279
776
243
336
532
423
173
433
96
369
946
106
388
662
579
822
863
834
210
729
651
723
635
148
519
912
222
226
826
157
75
939
330
295
798
215
333
109
956
563
608
772
385
36
157
270
759
301
751
724
697
127
330
650
960
556
140
94
816
619
200
946
607
938
293
6
775
93
863
364
488
753
877
646
120
878
337
599
990
249
152
920
474
101
460
947
609
680
334
242
74
238
293
337
362
662
165
447
742
150
494
666
437
387
235
943
249
683
529
82
218
541
103
566
466
279
472
505
478
346
397
94
758
621
290
250
460
540
283
458
712
890
856
839
754
486
482
87
866
516
697
925
151
252
23
532
135
726
870
82
189
660
968
396
753
400
907
816
97
985
483
709
400
70
369
328
685
263
811
980
797
385
638
961
648
471
942
505
598
757
114
733
670
200
269
52
921
459
86
354
578
666
990
881
32
988
525
81
883
694
847
871
914
889
285
804
21
6
747
281
457
402
218
339
870
749
39
199
800
316
407
225
177
457
402
130
395
757
929
660
946
861
621
903
909
243
818
780
914
464
31
914
712
804
897
176
448
650
10
282
948
325
280
567
287
621
693
457
487
155
409
263
77
86
334
595
780
314
430
626
931
258
284
335
285
492
513
372
559
226
681
745
747
646
711
621
580
54
615
288
549
361
293
759
55
767
836
625
470
301
395
133
220
383
351
690
40
945
282
795
108
321
897
261
474
664
516
431
374
713
15
726
699
141
77
569
965
525
279
518
656
887
902
258
830
547
524
363
294
21
580
635
772
820
180
228
463
32
284
391
250
404
250
756
285
669
434
78
306
781
724
515
665
763
138
220
419
639
430
926
139
153
137
352
133
380
953
879
961
849
106
933
240
888
267
251
637
145
972
160
113
446
57
512
297
65
970
8
681
960
808
823
601
358
252
96
267
897
623
905
715
554
116
457
675
790
274
776
496
887
582
273
667
269
812
692
96
624
55
68
409
945
197
1
40
282
331
882
635
171
983
739
522
66
444
559
330
600
837
506
790
193
512
794
377
535
156
332
546
560
0
643
842
555
495
770
356
114
416
392
459
392
141
325
903
843
750
600
824
253
361
496
786
548
277
216
433
403
624
505
126
999
335
74
170
340
896
967
570
674
202
215
183
445
47
398
51
187
891
533
784
556
507
293
198
503
856
293
277
279
337
953
489
911
265
459
56
67
154
562
947
783
29
150
50
146
313
341
501
878
164
246
511
91
720
570
492
42
876
667
483
602
689
291
337
248
725
272
179
587
341
984
32
328
585
1
526
356
242
52
190
515
792
398
114
90
441
398
190
695
967
13
190
487
78
344
93
737
813
801
420
40
161
913
537
180
213
182
505
719
43
135
800
823
476
968
810
291
177
246
807
327
81
484
620
328
793
545
250
241
907
788
543
440
631
149
353
878
861
934
877
258
892
471
651
831
213
367
10
109
534
801
560
567
994
93
959
677
292
208
386
667
932
264
811
254
592
360
191
326
615
932
429
243
368
548
434
609
832
789
115
426
534
140
707
106
228
976
445
538
190
675
585
652
547
209
326
627
660
396
239
852
175
684
494
601
372
317
198
446
658
349
845
503
93
960
133
792
557
705
26
615
914
653
136
939
346
777
695
159
221
807
949
435
550
262
251
850
645
105
733
911
777
999
880
840
829
82
558
587
76
534
70
954
370
623
938
521
548
554
255
