1000
594
621
39
224
850
399
410
953
831
709
282
146
452
971
114
837
915
773
295
110
264
218
108
82
687
737
995
64
927
323
729
302
90
849
138
289
738
774
29
440
419
128
727
878
793
387
617
983
255
785
23
748
252
444
991
376
513
956
537
113
404
345
26
508
980
980
55
603
832
825
99
140
743
854
690
135
491
230
288
299
119
12
808
141
300
980
49
646
858
762
776
781
236
915
36
73
102
218
898
813
332
14
150
430
686
882
5
397
754
855
885
282
668
237
993
392
536
884
207
999
931
409
744
70
48
317
904
828
818
616
32
272
332
475
967
105
861
378
455
418
974
651
892
2
877
493
113
999
921
643
537
218
11
898
882
922
269
80
382
368
978
177
579
137
823
612
950
193
270
888
531
158
428
789
25
279
517
741
193
554
204
904
906
174
79
813
261
434
592
45
835
780
995
87
440
797
71
754
179
264
543
920
729
33
112
378
790
221
872
602
405
528
887
828
164
73
270
405
57
9
351
516
600
225
52
750
163
341
349
227
207
762
561
928
10
283
175
873
61
700
23
39
561
990
640
307
893
167
922
366
526
666
696
170
912
26
319
504
980
362
215
449
872
645
394
642
966
958
817
880
897
397
343
356
985
312
955
610
584
745
857
995
418
982
701
541
65
391
16
983
964
671
892
699
485
574
166
916
595
997
340
934
349
41
469
128
322
340
184
600
71
709
919
234
505
219
30
890
943
853
576
575
942
833
916
225
505
644
871
411
145
39
14
587
405
922
645
376
512
572
218
725
206
415
912
254
752
658
193
265
544
276
972
742
421
765
992
516
125
243
623
678
468
773
454
32
695
332
829
583
573
653
378
371
634
851
369
526
921
661
473
847
451
605
866
869
66
272
165
640
929
129
251
268
949
540
256
432
961
879
559
420
828
610
691
891
897
600
107
570
395
466
595
463
770
775
227
863
906
585
965
423
166
189
653
444
401
109
421
94
594
936
565
41
102
52
18
840
914
975
971
466
164
595
244
463
534
788
497
173
313
393
526
375
913
136
254
639
957
246
489
788
179
13
975
459
901
553
361
718
757
386
949
930
613
499
258
570
944
189
910
613
611
248
781
201
410
189
128
965
798
379
883
667
486
183
287
151
620
785
562
980
426
779
416
926
444
595
762
413
877
683
694
767
336
875
176
930
231
774
48
712
425
395
920
378
503
282
444
430
212
107
950
159
627
929
186
832
832
854
757
814
427
714
87
114
684
115
330
610
6
356
919
845
736
850
555
31
858
38
422
161
151
331
201
770
733
534
140
406
689
344
98
376
17
234
284
710
307
806
693
388
951
833
423
856
187
104
423
777
374
155
973
794
432
595
663
95
513
317
380
150
974
924
921
662
257
542
828
502
565
845
723
52
344
34
210
317
907
344
582
629
111
363
32
533
370
304
944
421
570
189
197
990
426
543
413
27
912
761
598
645
275
921
211
529
432
920
449
397
384
345
187
168
734
750
38
611
891
387
291
953
597
406
931
375
647
732
626
801
620
183
405
146
746
937
354
189
151
503
101
449
855
546
37
224
2
28
255
675
504
801
135
524
470
645
47
868
989
836
881
699
294
647
777
201
940
40
422
797
396
849
459
388
285
841
97
51
369
706
373
618
476
951
297
818
47
880
676
100
889
485
199
315
622
401
155
207
769
835
284
961
606
458
278
655
342
747
238
628
547
996
498
282
462
262
222
343
350
958
154
59
364
321
907
910
649
144
766
884
685
890
281
534
422
412
12
18
672
641
476
300
641
47
552
893
986
916
852
359
179
812
856
810
681
224
596
284
551
368
5
197
980
354
942
657
714
964
860
50
250
204
670
708
481
853
418
317
769
13
924
732
291
406
704
873
34
470
852
197
815
727
466
304
636
279
319
286
104
895
179
22
56
802
109
974
141
147
328
827
806
279
515
537
443
272
906
574
650
69
623
243
111
663
235
522
737
366
72
202
534
131
212
873
834
902
676
489
297
730
731
886
141
24
391
535
212
929
860
363
372
745
636
35
272
935
910
393
567
586
237
774
75
126
293
674
67
641
703
541
596
417
276
920
338
736
101
87
271
699
310
808
506
708
830
788
495
177
601
899
992
283
921
710
492
956
811
15
731
716
468
571
226
318
766
955
468
716
697
536
833
823
121
868
276
429
268
366
295
504
179
890
39
803
549
313
495
565
427
381
924
85
355
555
230
739
581
187
942
874
320
778
479
65
65
168
161
53
434
63
688
445
720
226
537
578
531
422
768
453
460
902
289
315
611
747
467
566
637
537
847
80
424
421
184
400
410
974
738
380
151
441
131
363
693
479
365
128
17
651
208
159
419
488
413
417
489
164
453
317
701
595
416
897
215
607
21
298
42
137
168
556
684
387
302
19
771
925
622
132
382
338
548
985
328
688
661
935
8
766
910
246
520
420
679
555
24
234
147
85
457
67
86
880
483
651
474
31
186
393
646
564
541
321
935
363
47
430
568
527
946
85
290
276
226
921
35
263
708
746
994
536
777
536
674
314
251
667
502
677
213
630
749
614
119
345
704
198
484
316
507
594
665
620
139
371
777
810
653
561
615
210
322
439
398
109
787
4
646
620
111
380
928
891
313
316
336
675
156
881
217
836
779
392
239
400
871
156
397
303
537
441
13
940
61
2
307
310
215
9
557
700
552
863
204
127
665
774
306
823
35
101
653
772
344
778
431
930
199
998
238
630
607
343
83
669
366
987
829
311
8
25
460
146
323
517
284
915
187
112
734
96
850
574
267
436
787
241
595
282
570
377
111
217
771
926
93
208
780
535
760
678
945
995
814
10
640
506
448
827
494
516
742
87
263
142
780
32
75
647
881
125
392
546
740
631
914
242
375
396
423
76
134
652
352
56
150
854
759
257
795
280
792
768
788
54
635
23
954
628
146
60
132
133
653
634
285
398
255
183
95
398
131
51
403
417
381
89
734
206
991
925
272
818
851
601
333
623
758
685
996
890
288
747
250
363
943
1
999
718
770
752
599
576
162
397
149
740
364
370
672
545
289
747
636
221
787
314
281
51
300
662
640
569
187
205
109
383
801
40
474
380
90
16
436
239
325
696
656
454
451
592
259
387
13
450
601
541
110
29
575
628
719
947
417
108
112
30
388
956
288
765
939
324
896
292
454
272
311
397
895
90
658
827
600
708
403
252
556
736
604
567
273
772
464
845
660
142
599
327
126
295
307
699
166
685
653
934
491
720
995
328
230
712
133
484
970
891
346
708
705
859
473
652
352
720
492
166
859
50
631
312
672
983
271
599
783
959
661
914
54
468
761
835
740
275
337
561
638
979
875
768
795
890
622
267
822
655
346
445
193
486
75
441
89
683
655
246
441
534
701
11
230
432
654
237
98
637
911
77
382
931
528
879
174
862
516
782
361
3
777
127
612
215
721
567
392
319
746
57
619
91
119
104
278
864
538
363
236
384
168
184
744
269
63
262
958
195
266
226
167
873
884
437
756
574
398
14
711
86
844
778
891
853
457
291
811
424
601
309
324
152
545
976
835
593
382
342
152
458
609
197
53
519
889
745
206
682
347
704
465
523
652
150
540
390
292
890
811
771
451
534
593
956
902
15
328
908
602
163
191
55
862
252
476
646
725
371
964
712
85
128
77
897
844
800
499
395
436
445
300
492
531
381
7
75
603
96
616
874
417
298
80
184
512
410
661
400
673
893
664
921
926
98
686
322
457
695
112
102
515
933
472
156
862
699
524
481
244
400
42
628
754
90
295
787
48
893
384
433
138
99
721
542
780
379
565
432
694
685
618
907
984
514
358
484
826
923
321
813
885
180
156
272
850
36
166
836
803
899
274
563
311
678
963
416
212
929
376
483
133
92
786
559
782
134
644
240
731
811
961
124
571
571
548
957
942
448
691
743
213
729
628
795
410
54
596
305
550
941
271
896
547
837
679
793
394
596
490
716
392
925
104
992
938
149
992
739
130
5
473
763
238
632
270
404
463
990
148
727
537
338
690
790
539
64
577
733
891
754
563
346
957
975
351
287
625
636
857
260
62
857
175
544
467
508
657
914
567
275
330
403
448
762
178
54
235
313
453
873
572
258
847
375
442
127
805
263
281
982
779
827
133
887
665
680
162
145
322
31
407
662
165
616
424
159
897
195
797
297
52
311
183
984
687
803
9
800
102
339
702
394
633
585
496
502
270
560
96
497
891
89
990
422
465
910
92
231
950
282
230
610
466
983
930
468
644
148
199
861
670
362
43
983
328
12
28
580
120
921
889
336
98
299
406
962
320
761
518
777
711
778
849
819
109
91
928
649
655
27
858
121
361
235
827
528
46
7
93
453
881
512
110
29
392
893
512
166
577
968
147
882
630
422
150
891
513
223
873
236
84
379
925
92
62
767
975
862
472
877
916
312
667
65
895
199
668
819
426
216
579
761
71
687
880
976
491
938
85
935
14
822
133
856
369
502
586
18
966
625
917
649
694
699
51
834
215
565
526
951
223
693
796
657
657
322
307
238
212
86
