100
16
61
74
82
69
57
47
26
90
9
80
91
98
83
86
24
96
71
65
36
60
66
31
62
14
67
51
97
92
51
39
16
22
89
14
67
20
36
45
9
14
96
44
65
97
2
60
21
36
72
30
0
30
76
86
49
29
12
68
1
6
50
33
39
69
63
69
9
68
18
3
59
26
55
21
63
21
65
65
11
7
29
60
20
20
39
86
45
3
64
38
8
68
43
2
64
63
5
96
34
32
51
53
18
68
71
74
74
55
22
27
64
47
56
94
77
90
12
19
30
76
24
6
3
80
94
91
83
52
57
0
16
69
30
79
55
76
41
51
49
65
12
89
80
36
74
61
11
48
25
74
51
86
65
57
7
45
49
37
74
80
91
21
98
22
11
94
16
77
38
1
48
60
70
64
64
34
25
67
6
32
79
34
27
83
48
30
3
73
71
10
26
4
77
68
73
91
91
58
25
