1000
0
0
1
1
2
580
2
28
2
2
3
3
4
4
5
990
5
874
5
818
5
797
5
730
5
616
5
519
5
422
5
412
5
397
5
303
5
297
5
197
5
161
5
53
5
5
6
356
6
6
7
902
7
874
7
834
7
818
7
801
7
797
7
788
7
787
7
773
7
732
7
730
7
716
7
647
7
616
7
571
7
534
7
504
7
468
7
441
7
440
7
363
7
314
7
297
7
295
7
241
7
131
7
126
7
110
7
75
7
54
7
51
7
40
7
29
7
15
7
7
7
4
8
955
8
884
8
766
8
610
8
437
8
279
8
25
8
8
9
800
9
9
10
283
10
10
11
898
11
813
11
11
12
840
12
18
12
12
13
940
13
450
13
40
13
13
14
822
14
655
14
587
14
246
14
27
14
14
15
15
16
983
16
16
17
651
17
234
17
17
18
840
18
18
19
19
20
20
21
298
21
21
22
22
23
899
23
803
23
748
23
224
23
39
23
23
24
234
24
24
25
279
25
25
26
508
26
26
27
27
28
580
28
28
29
874
29
818
29
797
29
730
29
616
29
440
29
297
29
29
30
890
30
30
31
31
32
935
32
874
32
818
32
616
32
533
32
363
32
272
32
32
33
33
34
651
34
645
34
483
34
470
34
376
34
34
35
837
35
449
35
397
35
303
35
263
35
142
35
114
35
101
35
87
35
35
36
73
36
36
37
224
37
37
38
747
38
611
38
248
38
38
39
899
39
803
39
224
39
39
40
40
41
41
42
890
42
795
42
628
42
280
42
137
42
42
43
983
43
43
44
44
45
45
46
902
46
874
46
834
46
818
46
801
46
797
46
788
46
787
46
773
46
732
46
730
46
716
46
647
46
616
46
571
46
534
46
504
46
468
46
441
46
440
46
363
46
314
46
297
46
295
46
241
46
131
46
126
46
110
46
75
46
54
46
51
46
46
46
40
46
29
46
15
46
7
46
4
47
976
47
880
47
868
47
430
47
47
48
915
48
893
48
873
48
773
48
712
48
433
48
384
48
345
48
317
48
236
48
167
48
48
49
984
49
785
49
646
49
620
49
564
49
514
49
183
49
49
50
50
51
902
51
834
51
51
51
15
52
750
52
678
52
397
52
311
52
303
52
52
53
519
53
53
54
773
54
716
54
571
54
468
54
54
55
603
55
497
55
173
55
96
55
55
56
802
56
56
57
800
57
57
57
9
58
58
59
59
60
60
61
700
61
580
61
61
61
28
61
2
62
995
62
908
62
879
62
857
62
840
62
837
62
827
62
767
62
688
62
528
62
445
62
328
62
260
62
114
62
87
62
64
62
62
62
18
62
12
63
262
63
63
64
64
65
937
65
850
65
800
65
746
65
736
65
708
65
600
65
574
65
556
65
535
65
400
65
399
65
391
65
225
65
184
65
168
65
73
65
65
65
57
65
36
65
9
66
935
66
874
66
818
66
616
66
363
66
272
66
66
67
976
67
880
67
868
67
641
67
430
67
67
67
47
68
68
69
69
70
70
71
987
71
983
71
899
71
855
71
849
71
819
71
803
71
754
71
737
71
709
71
687
71
546
71
366
71
90
71
71
71
16
72
202
72
72
73
73
74
74
75
902
75
874
75
834
75
818
75
801
75
797
75
788
75
787
75
773
75
732
75
730
75
716
75
647
75
616
75
571
75
534
75
504
75
468
75
441
75
440
75
363
75
314
75
297
75
295
75
241
75
131
75
126
75
110
75
75
75
54
75
51
75
40
75
29
75
15
75
4
76
76
77
937
77
897
77
800
77
746
77
708
77
600
77
397
77
303
77
225
77
195
77
77
77
57
77
9
78
78
79
813
79
79
80
937
80
800
80
746
80
708
80
600
80
400
80
225
80
184
80
80
80
57
80
9
81
81
82
82
83
669
83
83
84
379
84
84
85
965
85
935
85
884
85
879
85
856
85
827
85
810
85
777
85
775
85
770
85
752
85
658
85
536
85
528
85
437
85
423
85
363
85
201
85
128
85
127
85
85
85
76
86
976
86
880
86
86
87
837
87
114
87
87
88
88
89
683
89
89
90
983
90
849
90
819
90
90
90
16
91
91
92
774
92
231
92
92
93
915
93
873
93
773
93
453
93
433
93
384
93
345
93
317
93
236
93
208
93
159
93
93
94
94
95
974
95
965
95
935
95
924
95
884
95
879
95
856
95
827
95
822
95
810
95
777
95
775
95
770
95
752
95
732
95
658
95
655
95
651
95
587
95
536
95
528
95
437
95
423
95
398
95
383
95
363
95
246
95
201
95
128
95
127
95
109
95
95
95
91
95
85
95
76
95
27
95
14
96
497
96
173
96
96
97
902
97
834
97
97
97
51
97
15
98
999
98
902
98
850
98
834
98
788
98
773
98
736
98
725
98
718
98
716
98
651
98
637
98
578
98
574
98
571
98
537
98
534
98
483
98
468
98
441
98
399
98
376
98
371
98
363
98
338
98
299
98
218
98
131
98
113
98
98
98
73
98
54
98
51
98
36
98
15
99
962
99
406
99
140
99
99
100
100
101
837
101
449
101
397
101
303
101
114
101
101
101
87
102
750
102
725
102
678
102
397
102
371
102
339
102
311
102
303
102
218
102
102
102
52
103
103
104
998
104
992
104
983
104
895
104
891
104
861
104
855
104
854
104
853
104
849
104
819
104
782
104
754
104
739
104
683
104
652
104
546
104
516
104
430
104
387
104
378
104
371
104
315
104
283
104
199
104
150
104
134
104
104
104
90
104
89
104
16
105
105
106
106
107
570
107
377
107
189
107
107
108
108
108
82
109
974
109
965
109
935
109
924
109
884
109
879
109
856
109
827
109
810
109
777
109
775
109
770
109
752
109
732
109
658
109
651
109
536
109
528
109
437
109
423
109
383
109
363
109
201
109
128
109
127
109
109
109
91
109
85
109
76
110
874
110
818
110
797
110
730
110
616
110
440
110
297
110
110
110
29
111
983
111
974
111
965
111
935
111
924
111
891
111
884
111
879
111
856
111
855
111
854
111
853
111
849
111
836
111
827
111
822
111
819
111
810
111
777
111
775
111
770
111
754
111
752
111
732
111
683
111
663
111
658
111
655
111
651
111
587
111
546
111
536
111
528
111
437
111
430
111
423
111
398
111
387
111
383
111
380
111
363
111
246
111
217
111
201
111
150
111
128
111
127
111
111
111
109
111
95
111
91
111
90
111
89
111
85
111
76
111
27
111
16
111
14
112
890
112
750
112
725
112
678
112
397
112
378
112
371
112
339
112
311
112
303
112
218
112
112
112
102
112
52
112
30
113
999
113
718
113
113
114
837
114
114
115
115
116
116
117
117
118
118
119
998
119
992
119
983
119
895
119
891
119
861
119
855
119
854
119
853
119
849
119
840
119
819
119
782
119
754
119
739
119
683
119
652
119
546
119
516
119
430
119
387
119
378
119
371
119
345
119
315
119
283
119
199
119
150
119
134
119
119
119
104
119
90
119
89
119
18
119
16
119
12
120
997
120
990
120
975
120
956
120
935
120
921
120
914
120
874
120
862
120
818
120
797
120
730
120
710
120
699
120
662
120
661
120
643
120
616
120
595
120
519
120
463
120
459
120
444
120
430
120
422
120
412
120
400
120
388
120
363
120
297
120
282
120
252
120
242
120
161
120
146
120
120
120
60
120
53
121
868
121
121
122
122
123
123
124
124
125
243
125
125
126
874
126
818
126
801
126
797
126
787
126
730
126
616
126
504
126
440
126
314
126
297
126
295
126
241
126
126
126
110
126
40
126
29
126
4
127
127
128
965
128
884
128
879
128
856
128
827
128
810
128
777
128
775
128
770
128
752
128
658
128
536
128
528
128
437
128
423
128
201
128
128
128
127
128
76
129
129
130
990
130
874
130
818
130
797
130
730
130
616
130
519
130
422
130
412
130
397
130
303
130
297
130
197
130
161
130
130
130
53
130
5
131
902
131
834
131
363
131
131
131
51
131
15
132
887
132
856
132
828
132
810
132
774
132
677
132
610
132
502
132
484
132
316
132
231
132
133
132
132
132
92
133
887
133
856
133
828
133
810
133
774
133
677
133
610
133
502
133
484
133
316
133
231
133
133
133
92
134
983
134
891
134
855
134
854
134
853
134
849
134
819
134
754
134
683
134
652
134
546
134
430
134
387
134
150
134
134
134
90
134
89
134
16
135
853
135
524
135
481
135
135
136
136
137
137
138
962
138
747
138
406
138
315
138
289
138
140
138
138
138
99
139
371
139
139
140
962
140
406
140
140
141
987
141
965
141
935
141
922
141
884
141
882
141
879
141
856
141
827
141
810
141
777
141
775
141
770
141
752
141
658
141
536
141
528
141
437
141
423
141
366
141
363
141
234
141
201
141
147
141
141
141
128
141
127
141
85
141
76
141
24
142
142
143
143
144
144
145
899
145
803
145
224
145
145
145
39
146
146
146
60
147
987
147
965
147
935
147
922
147
884
147
882
147
879
147
856
147
827
147
810
147
777
147
775
147
770
147
752
147
658
147
536
147
528
147
437
147
423
147
366
147
363
147
201
147
147
147
128
147
127
147
85
147
76
148
878
148
727
148
148
149
997
149
990
149
975
149
956
149
935
149
921
149
914
149
874
149
862
149
818
149
797
149
740
149
730
149
710
149
699
149
662
149
661
149
643
149
631
149
616
149
595
149
519
149
463
149
459
149
444
149
430
149
422
149
412
149
400
149
388
149
363
149
312
149
297
149
282
149
275
149
252
149
242
149
161
149
149
149
146
149
60
149
53
150
983
150
891
150
855
150
854
150
853
150
849
150
819
150
754
150
683
150
546
150
430
150
387
150
150
150
90
150
89
150
16
151
902
151
834
151
788
151
773
151
716
151
571
151
534
151
503
151
468
151
441
151
363
151
331
151
282
151
151
151
146
151
131
151
60
151
54
151
51
151
15
152
458
152
152
153
153
154
154
154
59
155
999
155
762
155
718
155
417
155
413
155
298
155
207
155
155
155
108
155
82
155
27
156
974
156
965
156
953
156
935
156
924
156
916
156
890
156
884
156
881
156
879
156
874
156
856
156
836
156
827
156
818
156
810
156
777
156
775
156
773
156
770
156
752
156
732
156
716
156
699
156
685
156
658
156
651
156
616
156
572
156
571
156
570
156
536
156
528
156
512
156
468
156
437
156
423
156
410
156
377
156
363
156
312
156
272
156
258
156
243
156
225
156
201
156
189
156
166
156
156
156
128
156
127
156
125
156
85
156
76
156
54
157
157
158
158
159
159
160
160
161
519
161
161
161
53
162
899
162
803
162
397
162
303
162
224
162
162
162
145
162
39
163
341
163
163
164
997
164
990
164
874
164
818
164
797
164
730
164
616
164
595
164
519
164
463
164
422
164
412
164
297
164
282
164
164
164
161
164
146
164
73
164
60
164
53
165
987
165
965
165
937
165
935
165
922
165
890
165
884
165
882
165
879
165
874
165
856
165
827
165
818
165
810
165
808
165
806
165
800
165
797
165
795
165
777
165
775
165
770
165
752
165
746
165
730
165
708
165
699
165
658
165
640
165
632
165
630
165
628
165
616
165
569
165
536
165
528
165
519
165
506
165
437
165
423
165
422
165
412
165
366
165
363
165
310
165
307
165
297
165
280
165
279
165
238
165
234
165
201
165
165
165
161
165
147
165
141
165
128
165
127
165
85
165
76
165
57
165
53
165
24
165
9
166
916
166
890
166
836
166
685
166
312
166
225
166
189
166
166
167
915
167
873
167
773
167
433
167
384
167
345
167
236
167
167
168
937
168
850
168
800
168
746
168
736
168
708
168
600
168
574
168
556
168
400
168
399
168
225
168
184
168
168
168
73
168
57
168
36
168
9
169
169
170
170
171
171
172
172
173
173
174
997
174
990
174
874
174
862
174
818
174
797
174
730
174
699
174
616
174
595
174
519
174
463
174
444
174
430
174
422
174
412
174
297
174
282
174
252
174
174
174
161
174
146
174
60
174
53
175
920
175
915
175
873
175
773
175
544
175
433
175
429
175
384
175
378
175
371
175
345
175
276
175
236
175
175
176
930
176
773
176
716
176
571
176
468
176
176
177
177
178
773
178
716
178
571
178
468
178
178
178
54
179
940
179
890
179
812
179
725
179
450
179
371
179
264
179
218
179
179
179
40
179
22
179
13
180
180
181
181
182
182
183
984
183
514
183
183
184
937
184
800
184
746
184
708
184
600
184
400
184
225
184
184
184
57
184
9
185
185
186
854
186
832
186
825
186
393
186
186
187
998
187
992
187
983
187
937
187
895
187
891
187
890
187
861
187
855
187
854
187
853
187
850
187
849
187
819
187
800
187
782
187
754
187
750
187
746
187
739
187
736
187
725
187
708
187
683
187
678
187
652
187
600
187
574
187
556
187
546
187
516
187
430
187
400
187
399
187
397
187
387
187
378
187
371
187
339
187
315
187
311
187
303
187
283
187
225
187
218
187
205
187
199
187
187
187
184
187
168
187
150
187
134
187
112
187
104
187
102
187
90
187
89
187
73
187
57
187
52
187
36
187
30
187
16
187
9
188
188
189
189
190
190
191
603
191
497
191
191
191
173
191
96
191
55
192
192
193
984
193
554
193
514
193
486
193
265
193
193
193
183
194
194
195
195
196
196
197
990
197
874
197
818
197
797
197
730
197
616
197
519
197
422
197
412
197
297
197
197
197
161
197
53
198
198
199
998
199
861
199
378
199
371
199
315
199
199
200
200
201
879
201
827
201
775
201
770
201
752
201
658
201
528
201
201
202
202
203
203
204
904
204
828
204
677
204
610
204
502
204
204
204
127
205
205
206
682
206
415
206
206
207
999
207
762
207
718
207
417
207
413
207
298
207
207
207
108
207
82
207
27
208
208
208
159
209
209
210
317
210
210
211
529
211
211
212
976
212
929
212
915
212
880
212
873
212
773
212
570
212
433
212
384
212
377
212
345
212
236
212
212
212
189
212
129
212
107
212
86
213
874
213
818
213
797
213
730
213
729
213
630
213
616
213
519
213
422
213
412
213
302
213
297
213
213
213
161
213
53
213
33
213
19
214
214
215
997
215
990
215
920
215
874
215
845
215
818
215
800
215
797
215
730
215
616
215
607
215
595
215
565
215
519
215
463
215
449
215
432
215
422
215
412
215
397
215
378
215
371
215
356
215
343
215
303
215
297
215
282
215
215
215
161
215
146
215
60
215
53
215
41
215
9
216
216
217
836
217
217
218
725
218
371
218
218
219
219
220
220
221
221
222
356
222
343
222
222
223
956
223
937
223
850
223
800
223
746
223
736
223
708
223
693
223
600
223
574
223
556
223
535
223
479
223
400
223
399
223
391
223
388
223
225
223
223
223
184
223
168
223
73
223
65
223
57
223
36
223
9
224
224
225
225
226
997
226
990
226
975
226
956
226
935
226
921
226
914
226
874
226
862
226
818
226
797
226
730
226
710
226
699
226
662
226
661
226
643
226
616
226
595
226
519
226
463
226
459
226
444
226
430
226
422
226
412
226
400
226
388
226
363
226
318
226
297
226
282
226
252
226
242
226
226
226
161
226
146
226
60
226
53
227
863
227
227
228
228
229
229
230
997
230
990
230
920
230
874
230
818
230
797
230
739
230
730
230
712
230
616
230
610
230
595
230
519
230
463
230
432
230
422
230
412
230
378
230
371
230
297
230
282
230
230
230
161
230
146
230
60
230
53
231
774
231
231
232
232
233
233
234
234
235
522
235
393
235
316
235
313
235
235
236
915
236
773
236
433
236
384
236
345
236
236
237
774
237
237
238
890
238
874
238
818
238
797
238
795
238
730
238
632
238
630
238
628
238
616
238
519
238
422
238
412
238
297
238
280
238
238
238
161
238
53
239
400
239
239
240
240
241
241
242
242
243
243
244
990
244
874
244
818
244
797
244
730
244
616
244
519
244
463
244
422
244
412
244
400
244
297
244
244
244
161
244
53
245
245
246
246
247
247
248
248
249
249
250
904
250
828
250
677
250
610
250
502
250
363
250
250
250
204
250
127
251
987
251
937
251
850
251
800
251
746
251
736
251
708
251
667
251
600
251
574
251
556
251
535
251
400
251
399
251
391
251
366
251
268
251
251
251
225
251
184
251
168
251
73
251
65
251
57
251
36
251
9
252
997
252
990
252
874
252
818
252
797
252
730
252
616
252
595
252
519
252
463
252
444
252
430
252
422
252
412
252
297
252
282
252
252
252
161
252
146
252
60
252
53
253
253
254
639
254
254
255
984
255
785
255
675
255
514
255
255
255
183
256
997
256
990
256
920
256
874
256
818
256
797
256
730
256
616
256
595
256
519
256
463
256
432
256
422
256
412
256
378
256
371
256
297
256
282
256
256
256
161
256
146
256
60
256
53
257
542
257
257
258
570
258
377
258
258
258
189
259
387
259
259
260
260
261
434
261
262
261
261
261
63
262
262
263
263
263
142
264
725
264
371
264
264
264
218
265
265
266
997
266
990
266
975
266
956
266
935
266
921
266
914
266
874
266
862
266
818
266
797
266
730
266
710
266
699
266
662
266
661
266
643
266
616
266
595
266
519
266
463
266
459
266
444
266
430
266
422
266
412
266
400
266
388
266
363
266
318
266
297
266
282
266
266
266
252
266
242
266
226
266
161
266
146
266
60
266
53
267
445
267
436
267
400
267
267
267
239
268
987
268
366
268
268
269
937
269
800
269
746
269
708
269
600
269
400
269
269
269
225
269
184
269
80
269
57
269
9
270
987
270
922
270
888
270
879
270
560
270
528
270
405
270
404
270
366
270
345
270
270
270
146
270
60
271
896
271
890
271
795
271
699
271
628
271
599
271
576
271
575
271
327
271
292
271
280
271
271
272
935
272
874
272
818
272
616
272
363
272
272
273
772
273
273
274
937
274
800
274
746
274
708
274
563
274
445
274
346
274
274
274
57
274
9
275
997
275
990
275
975
275
956
275
935
275
921
275
914
275
874
275
862
275
818
275
797
275
730
275
710
275
699
275
662
275
661
275
643
275
616
275
595
275
519
275
463
275
459
275
444
275
430
275
422
275
412
275
400
275
388
275
363
275
297
275
282
275
275
275
252
275
242
275
161
275
146
275
60
275
53
276
920
276
429
276
378
276
371
276
276
277
277
278
864
278
655
278
278
278
246
278
27
279
279
280
280
281
982
281
902
281
834
281
788
281
773
281
716
281
571
281
534
281
468
281
363
281
281
281
131
281
54
281
51
281
15
282
282
282
146
282
60
283
283
284
961
284
915
284
879
284
773
284
710
284
284
284
124
285
974
285
965
285
935
285
924
285
884
285
879
285
856
285
841
285
827
285
822
285
810
285
777
285
775
285
770
285
752
285
732
285
658
285
655
285
651
285
587
285
536
285
528
285
437
285
423
285
398
285
383
285
363
285
285
285
246
285
201
285
128
285
127
285
109
285
91
285
85
285
76
285
27
285
14
286
286
287
902
287
834
287
788
287
773
287
716
287
571
287
534
287
503
287
468
287
441
287
363
287
331
287
287
287
282
287
151
287
146
287
131
287
60
287
54
287
51
287
15
288
765
288
747
288
299
288
288
289
747
289
315
289
289
290
920
290
429
290
378
290
371
290
290
290
276
291
962
291
953
291
406
291
291
292
890
292
292
293
674
293
314
293
293
294
732
294
647
294
294
295
874
295
818
295
801
295
797
295
787
295
730
295
616
295
504
295
440
295
314
295
297
295
295
295
241
295
110
295
40
295
29
295
4
296
296
297
874
297
818
297
730
297
616
297
297
298
298
299
299
300
980
300
956
300
916
300
890
300
836
300
685
300
662
300
492
300
362
300
354
300
312
300
300
300
225
300
189
300
166
301
301
302
302
302
19
303
303
304
304
305
305
306
997
306
990
306
920
306
874
306
845
306
823
306
818
306
800
306
797
306
730
306
616
306
612
306
607
306
595
306
565
306
519
306
463
306
449
306
432
306
422
306
412
306
397
306
378
306
371
306
356
306
343
306
306
306
303
306
297
306
282
306
215
306
161
306
146
306
60
306
53
306
41
306
9
307
987
307
965
307
935
307
922
307
890
307
884
307
882
307
879
307
874
307
856
307
827
307
818
307
810
307
808
307
806
307
797
307
795
307
777
307
775
307
770
307
752
307
730
307
699
307
658
307
632
307
630
307
628
307
616
307
536
307
528
307
519
307
437
307
423
307
422
307
412
307
366
307
363
307
310
307
307
307
297
307
280
307
279
307
238
307
234
307
201
307
161
307
147
307
141
307
128
307
127
307
85
307
76
307
53
307
24
308
308
309
309
310
987
310
965
310
935
310
922
310
884
310
882
310
879
310
856
310
827
310
810
310
808
310
777
310
775
310
770
310
752
310
658
310
536
310
528
310
437
310
423
310
366
310
363
310
310
310
234
310
201
310
147
310
141
310
128
310
127
310
85
310
76
310
24
311
678
311
397
311
311
311
303
312
312
313
393
313
316
313
313
314
314
315
315
316
316
317
317
318
318
319
801
319
504
319
319
319
286
319
40
320
956
320
935
320
874
320
835
320
818
320
780
320
778
320
761
320
616
320
593
320
535
320
533
320
379
320
363
320
320
320
272
320
32
321
813
321
321
322
934
322
439
322
340
322
322
322
31
323
741
323
517
323
323
324
458
324
324
324
152
325
696
325
325
325
170
326
326
327
327
328
908
328
879
328
840
328
827
328
688
328
528
328
445
328
328
328
18
328
12
329
329
330
997
330
990
330
874
330
818
330
797
330
730
330
616
330
610
330
595
330
519
330
463
330
444
330
430
330
422
330
417
330
412
330
403
330
330
330
298
330
297
330
282
330
252
330
161
330
146
330
108
330
82
330
60
330
53
331
331
332
822
332
655
332
587
332
475
332
332
332
246
332
27
332
14
333
678
333
623
333
333
333
243
334
334
335
335
336
915
336
875
336
873
336
773
336
768
336
675
336
453
336
433
336
384
336
345
336
336
336
317
336
236
337
990
337
983
337
928
337
891
337
874
337
855
337
853
337
849
337
819
337
818
337
797
337
754
337
730
337
683
337
649
337
616
337
561
337
546
337
519
337
422
337
412
337
387
337
337
337
297
337
161
337
144
337
90
337
89
337
53
337
16
338
850
338
736
338
574
338
399
338
338
338
73
338
36
339
339
340
934
340
340
341
341
342
747
342
342
343
356
343
343
344
778
344
651
344
645
344
483
344
470
344
376
344
344
344
34
345
345
346
937
346
800
346
746
346
708
346
445
346
346
346
57
346
9
347
915
347
873
347
773
347
704
347
433
347
384
347
347
347
345
347
236
347
198
348
348
349
863
349
349
349
227
349
41
350
958
350
350
350
195
351
983
351
902
351
891
351
855
351
854
351
853
351
849
351
834
351
819
351
788
351
782
351
773
351
754
351
716
351
683
351
652
351
571
351
546
351
534
351
516
351
503
351
468
351
441
351
430
351
387
351
363
351
351
351
331
351
287
351
282
351
151
351
150
351
146
351
134
351
131
351
90
351
89
351
60
351
54
351
51
351
16
351
15
352
997
352
990
352
975
352
956
352
935
352
921
352
914
352
874
352
862
352
818
352
802
352
797
352
730
352
720
352
710
352
699
352
662
352
661
352
643
352
616
352
595
352
519
352
463
352
459
352
444
352
430
352
422
352
412
352
400
352
388
352
363
352
352
352
318
352
297
352
282
352
252
352
242
352
226
352
161
352
146
352
60
352
56
352
53
353
353
354
354
354
189
355
555
355
355
355
31
356
356
357
357
358
484
358
358
358
316
359
359
360
360
361
718
361
522
361
393
361
361
361
316
361
313
361
235
361
3
362
362
363
363
364
813
364
370
364
364
364
321
364
304
365
965
365
884
365
879
365
856
365
827
365
810
365
777
365
775
365
770
365
752
365
658
365
536
365
528
365
437
365
423
365
365
365
201
365
128
365
127
365
76
366
987
366
366
367
367
368
368
369
997
369
990
369
951
369
920
369
874
369
849
369
845
369
833
369
823
369
819
369
818
369
800
369
797
369
730
369
706
369
677
369
666
369
616
369
612
369
607
369
595
369
565
369
526
369
519
369
502
369
463
369
449
369
432
369
422
369
412
369
397
369
396
369
378
369
375
369
371
369
369
369
356
369
343
369
303
369
297
369
282
369
215
369
161
369
146
369
60
369
53
369
41
369
9
370
370
370
304
371
371
372
745
372
372
373
983
373
910
373
907
373
778
373
651
373
645
373
618
373
613
373
499
373
483
373
470
373
466
373
395
373
393
373
376
373
373
373
344
373
304
373
246
373
34
374
999
374
762
374
718
374
417
374
413
374
374
374
298
374
207
374
155
374
108
374
82
374
27
375
849
375
819
375
396
375
375
376
651
376
483
376
376
377
377
378
378
378
371
379
379
380
983
380
891
380
855
380
854
380
853
380
849
380
819
380
754
380
683
380
546
380
430
380
387
380
380
380
150
380
90
380
89
380
16
381
683
381
381
381
89
382
931
382
850
382
849
382
819
382
747
382
736
382
574
382
409
382
399
382
396
382
382
382
375
382
368
382
342
382
338
382
73
382
36
383
383
384
433
384
384
384
345
385
385
386
386
387
387
388
956
388
388
389
389
390
390
391
535
391
391
392
925
392
915
392
893
392
873
392
801
392
774
392
773
392
546
392
504
392
433
392
392
392
384
392
345
392
319
392
286
392
236
392
231
392
167
392
92
392
40
393
393
394
961
394
915
394
879
394
773
394
710
394
642
394
596
394
417
394
394
394
305
394
298
394
284
394
124
394
108
394
82
395
983
395
466
395
395
395
304
396
849
396
819
396
396
397
397
397
303
398
974
398
965
398
935
398
924
398
884
398
879
398
856
398
827
398
822
398
810
398
777
398
775
398
770
398
752
398
732
398
658
398
655
398
651
398
587
398
536
398
528
398
437
398
423
398
398
398
383
398
363
398
246
398
201
398
128
398
127
398
109
398
91
398
85
398
76
398
27
398
14
399
399
400
400
401
974
401
965
401
935
401
924
401
884
401
879
401
856
401
827
401
810
401
777
401
775
401
770
401
752
401
732
401
658
401
651
401
536
401
528
401
437
401
423
401
401
401
383
401
363
401
201
401
128
401
127
401
109
401
91
401
85
401
76
402
402
403
997
403
990
403
874
403
818
403
797
403
730
403
616
403
595
403
519
403
463
403
444
403
430
403
422
403
417
403
412
403
403
403
298
403
297
403
282
403
252
403
161
403
146
403
108
403
82
403
60
403
53
404
404
404
345
405
987
405
922
405
879
405
528
405
405
405
366
405
146
405
60
406
962
406
406
407
662
407
407
408
408
409
409
410
974
410
965
410
953
410
935
410
924
410
884
410
879
410
856
410
827
410
810
410
777
410
775
410
773
410
770
410
752
410
732
410
716
410
658
410
651
410
571
410
536
410
528
410
468
410
437
410
423
410
410
410
363
410
201
410
189
410
128
410
127
410
85
410
76
410
54
411
411
412
412
413
417
413
413
413
298
413
108
413
82
413
27
414
414
415
415
416
999
416
937
416
926
416
902
416
897
416
850
416
834
416
800
416
788
416
773
416
746
416
736
416
725
416
718
416
716
416
708
416
651
416
637
416
600
416
578
416
574
416
571
416
537
416
534
416
483
416
468
416
441
416
416
416
399
416
397
416
376
416
371
416
363
416
338
416
303
416
299
416
225
416
218
416
195
416
131
416
113
416
98
416
73
416
57
416
54
416
51
416
36
416
15
416
9
417
417
417
298
417
108
417
82
418
982
418
418
418
317
419
965
419
884
419
879
419
856
419
827
419
810
419
777
419
775
419
770
419
752
419
658
419
536
419
528
419
488
419
437
419
423
419
419
419
201
419
128
419
127
419
76
420
420
421
765
421
421
421
94
422
874
422
818
422
797
422
730
422
616
422
519
422
422
422
412
422
297
422
161
422
53
423
884
423
879
423
856
423
827
423
810
423
777
423
775
423
770
423
752
423
658
423
536
423
528
423
437
423
423
423
201
423
127
423
76
424
765
424
424
424
421
424
159
424
94
425
983
425
466
425
425
425
395
425
304
426
925
426
920
426
915
426
893
426
879
426
873
426
827
426
801
426
779
426
774
426
773
426
546
426
543
426
528
426
504
426
433
426
426
426
392
426
384
426
378
426
371
426
345
426
319
426
286
426
236
426
231
426
216
426
167
426
92
426
40
427
964
427
714
427
712
427
683
427
671
427
427
427
381
427
89
428
789
428
428
429
429
430
430
431
930
431
773
431
716
431
571
431
468
431
431
432
997
432
990
432
920
432
874
432
818
432
797
432
730
432
616
432
595
432
519
432
463
432
432
432
422
432
412
432
378
432
371
432
297
432
282
432
161
432
146
432
60
432
53
433
433
434
434
434
262
434
63
435
435
436
445
436
436
436
400
436
239
437
437
438
438
439
439
440
874
440
818
440
797
440
730
440
616
440
440
440
297
441
902
441
834
441
788
441
773
441
716
441
571
441
534
441
468
441
441
441
363
441
131
441
54
441
51
441
15
442
442
442
127
443
935
443
874
443
818
443
616
443
443
443
363
443
272
444
997
444
990
444
874
444
818
444
797
444
730
444
616
444
595
444
519
444
463
444
444
444
430
444
422
444
412
444
297
444
282
444
161
444
146
444
60
444
53
445
445
446
446
447
447
448
879
448
827
448
762
448
528
448
448
448
417
448
413
448
298
448
108
448
82
448
27
449
449
449
397
449
303
450
450
451
902
451
834
451
788
451
773
451
716
451
605
451
592
451
571
451
534
451
468
451
451
451
363
451
131
451
54
451
51
451
45
451
15
452
983
452
971
452
466
452
452
452
304
453
915
453
873
453
773
453
453
453
433
453
384
453
345
453
317
453
236
454
935
454
874
454
818
454
616
454
533
454
454
454
363
454
272
454
32
455
982
455
455
455
418
455
317
456
456
457
976
457
962
457
953
457
880
457
868
457
822
457
695
457
655
457
641
457
587
457
475
457
457
457
430
457
406
457
332
457
291
457
246
457
67
457
47
457
27
457
14
458
458
459
956
459
459
459
388
460
902
460
460
460
146
460
60
460
15
461
461
462
462
462
262
463
990
463
874
463
818
463
797
463
730
463
616
463
519
463
463
463
422
463
412
463
297
463
161
463
53
464
845
464
464
465
983
465
910
465
613
465
523
465
499
465
466
465
465
465
395
465
393
465
304
465
246
466
983
466
466
466
304
467
566
467
508
467
467
468
773
468
716
468
571
468
468
469
965
469
884
469
879
469
856
469
827
469
810
469
777
469
775
469
770
469
752
469
658
469
536
469
528
469
469
469
437
469
423
469
201
469
128
469
127
469
76
470
651
470
645
470
483
470
470
470
376
471
471
472
974
472
965
472
953
472
935
472
924
472
916
472
890
472
884
472
881
472
879
472
877
472
874
472
856
472
836
472
827
472
818
472
810
472
777
472
775
472
773
472
770
472
752
472
732
472
716
472
699
472
685
472
683
472
658
472
651
472
616
472
572
472
571
472
570
472
536
472
528
472
512
472
493
472
472
472
468
472
437
472
423
472
410
472
377
472
363
472
312
472
272
472
258
472
243
472
225
472
201
472
189
472
166
472
156
472
128
472
127
472
125
472
85
472
76
472
54
473
983
473
937
473
891
473
855
473
854
473
853
473
849
473
847
473
819
473
800
473
763
473
754
473
746
473
708
473
683
473
652
473
600
473
546
473
473
473
430
473
400
473
396
473
387
473
375
473
225
473
184
473
150
473
90
473
89
473
80
473
57
473
16
473
9
474
983
474
891
474
855
474
854
474
853
474
849
474
819
474
754
474
683
474
546
474
474
474
430
474
387
474
380
474
150
474
90
474
89
474
31
474
16
475
475
476
997
476
990
476
984
476
980
476
956
476
951
476
920
476
916
476
890
476
874
476
845
476
836
476
833
476
823
476
818
476
800
476
797
476
785
476
730
476
685
476
662
476
646
476
620
476
616
476
612
476
607
476
595
476
565
476
564
476
519
476
514
476
492
476
476
476
463
476
449
476
432
476
422
476
412
476
397
476
378
476
371
476
362
476
356
476
354
476
343
476
312
476
303
476
300
476
297
476
282
476
225
476
215
476
189
476
183
476
166
476
161
476
146
476
60
476
53
476
41
476
9
477
477
478
478
479
937
479
850
479
800
479
746
479
736
479
708
479
600
479
574
479
556
479
535
479
479
479
400
479
399
479
391
479
225
479
184
479
168
479
73
479
65
479
57
479
36
479
9
480
480
481
853
481
481
482
482
483
651
483
483
484
484
484
316
485
574
485
485
486
984
486
514
486
486
486
183
487
487
488
488
489
997
489
990
489
874
489
818
489
797
489
788
489
773
489
730
489
716
489
616
489
595
489
571
489
519
489
489
489
468
489
463
489
422
489
412
489
297
489
282
489
164
489
161
489
146
489
73
489
60
489
54
489
53
490
716
490
490
491
997
491
990
491
975
491
956
491
938
491
935
491
921
491
920
491
914
491
874
491
862
491
818
491
797
491
740
491
739
491
730
491
720
491
712
491
710
491
699
491
662
491
661
491
643
491
631
491
616
491
610
491
595
491
519
491
491
491
463
491
459
491
444
491
432
491
430
491
422
491
412
491
400
491
388
491
378
491
371
491
363
491
318
491
312
491
297
491
282
491
275
491
252
491
242
491
230
491
226
491
161
491
149
491
146
491
60
491
53
492
956
492
916
492
890
492
836
492
685
492
492
492
312
492
225
492
189
492
166
493
493
494
983
494
891
494
855
494
854
494
853
494
849
494
819
494
782
494
754
494
683
494
652
494
546
494
516
494
494
494
430
494
387
494
150
494
134
494
90
494
89
494
16
495
997
495
990
495
920
495
874
495
845
495
818
495
797
495
730
495
616
495
595
495
565
495
519
495
495
495
463
495
432
495
422
495
412
495
378
495
371
495
297
495
282
495
177
495
161
495
146
495
60
495
53
495
41
496
677
496
502
496
496
497
497
497
173
498
498
498
282
498
146
498
60
499
983
499
499
499
466
499
395
499
304
500
500
501
501
502
677
502
502
503
503
503
282
503
146
503
60
504
801
504
504
504
40
505
878
505
727
505
644
505
505
505
240
505
219
505
148
506
937
506
800
506
746
506
708
506
506
506
57
506
9
507
936
507
621
507
594
507
507
508
508
509
509
510
510
511
511
512
974
512
965
512
953
512
935
512
924
512
916
512
890
512
884
512
879
512
856
512
836
512
827
512
810
512
777
512
775
512
773
512
770
512
752
512
732
512
716
512
685
512
658
512
651
512
572
512
571
512
570
512
536
512
528
512
512
512
468
512
437
512
423
512
410
512
377
512
363
512
312
512
258
512
225
512
201
512
189
512
166
512
128
512
127
512
85
512
76
512
54
513
956
513
937
513
850
513
800
513
746
513
736
513
708
513
693
513
600
513
574
513
556
513
535
513
513
513
479
513
400
513
399
513
391
513
388
513
317
513
225
513
223
513
184
513
168
513
73
513
65
513
57
513
36
513
9
514
514
515
999
515
933
515
902
515
850
515
834
515
788
515
773
515
736
515
725
515
718
515
716
515
578
515
574
515
571
515
537
515
534
515
515
515
468
515
441
515
399
515
371
515
363
515
338
515
218
515
131
515
113
515
73
515
54
515
51
515
36
515
15
516
983
516
891
516
855
516
854
516
853
516
849
516
819
516
782
516
754
516
683
516
652
516
546
516
516
516
430
516
387
516
150
516
134
516
90
516
89
516
16
517
741
517
517
518
884
518
879
518
827
518
810
518
777
518
775
518
770
518
752
518
658
518
536
518
528
518
518
518
437
518
201
518
127
519
519
520
520
520
420
521
521
522
522
523
523
524
853
524
524
524
481
525
525
526
997
526
990
526
951
526
920
526
874
526
849
526
845
526
833
526
823
526
819
526
818
526
800
526
797
526
730
526
666
526
616
526
612
526
607
526
595
526
565
526
526
526
519
526
463
526
449
526
432
526
422
526
412
526
397
526
396
526
378
526
375
526
371
526
356
526
343
526
303
526
297
526
282
526
215
526
161
526
146
526
60
526
53
526
41
526
9
527
527
528
879
528
528
529
529
530
530
531
874
531
818
531
797
531
730
531
683
531
616
531
531
531
519
531
422
531
412
531
381
531
297
531
161
531
158
531
89
531
53
532
532
533
533
534
902
534
834
534
788
534
773
534
716
534
571
534
534
534
468
534
363
534
131
534
54
534
51
534
15
535
535
536
884
536
536
536
437
537
999
537
902
537
850
537
834
537
788
537
773
537
736
537
725
537
718
537
716
537
578
537
574
537
571
537
537
537
534
537
468
537
441
537
399
537
371
537
363
537
338
537
218
537
131
537
113
537
73
537
54
537
51
537
36
537
15
538
538
538
363
539
539
539
64
540
540
540
390
541
813
541
541
541
321
542
542
543
920
543
543
543
378
543
371
544
920
544
544
544
429
544
378
544
371
544
276
545
976
545
545
546
546
547
996
547
890
547
837
547
547
548
997
548
990
548
985
548
975
548
957
548
956
548
874
548
862
548
818
548
797
548
730
548
699
548
616
548
595
548
548
548
519
548
463
548
459
548
444
548
430
548
422
548
412
548
388
548
312
548
297
548
282
548
252
548
246
548
161
548
146
548
60
548
53
549
549
549
393
549
316
549
313
550
941
550
550
551
551
551
368
552
915
552
893
552
873
552
863
552
773
552
552
552
433
552
384
552
345
552
236
552
167
553
553
554
554
555
555
555
31
556
850
556
736
556
574
556
556
556
399
556
73
556
36
557
700
557
557
558
558
559
559
559
420
560
560
561
990
561
983
561
928
561
891
561
874
561
855
561
853
561
849
561
819
561
818
561
797
561
754
561
730
561
683
561
649
561
616
561
561
561
546
561
519
561
422
561
412
561
387
561
297
561
161
561
144
561
90
561
89
561
53
561
16
562
980
562
562
562
362
562
354
562
189
563
937
563
800
563
746
563
708
563
563
563
445
563
346
563
57
563
9
564
564
565
997
565
990
565
920
565
874
565
845
565
818
565
797
565
730
565
616
565
595
565
565
565
519
565
463
565
432
565
422
565
412
565
378
565
371
565
297
565
282
565
161
565
146
565
60
565
53
565
41
566
566
567
997
567
990
567
975
567
956
567
935
567
921
567
914
567
874
567
862
567
840
567
818
567
797
567
730
567
710
567
699
567
662
567
661
567
643
567
616
567
595
567
586
567
567
567
519
567
463
567
459
567
444
567
430
567
422
567
412
567
400
567
388
567
363
567
297
567
282
567
275
567
252
567
242
567
161
567
146
567
60
567
53
567
18
568
568
568
527
569
569
570
570
570
377
570
189
571
571
572
572
572
570
572
377
572
258
572
189
573
997
573
990
573
983
573
934
573
928
573
899
573
891
573
874
573
855
573
853
573
851
573
849
573
819
573
818
573
813
573
797
573
772
573
754
573
730
573
683
573
653
573
649
573
634
573
616
573
601
573
595
573
573
573
561
573
546
573
541
573
519
573
463
573
444
573
430
573
422
573
412
573
387
573
321
573
309
573
297
573
282
573
161
573
146
573
144
573
90
573
89
573
60
573
53
573
16
574
574
575
890
575
795
575
628
575
575
575
280
576
890
576
795
576
628
576
576
576
575
576
280
577
968
577
902
577
834
577
788
577
773
577
733
577
716
577
577
577
571
577
534
577
468
577
363
577
131
577
54
577
51
577
15
578
578
579
956
579
935
579
874
579
835
579
818
579
780
579
761
579
616
579
593
579
579
579
535
579
533
579
379
579
363
579
272
579
137
579
32
580
580
581
998
581
992
581
983
581
937
581
895
581
891
581
890
581
861
581
855
581
854
581
853
581
850
581
849
581
819
581
800
581
782
581
754
581
750
581
746
581
739
581
736
581
725
581
708
581
683
581
678
581
652
581
600
581
581
581
574
581
556
581
546
581
516
581
430
581
400
581
399
581
397
581
387
581
378
581
371
581
339
581
315
581
311
581
303
581
283
581
225
581
218
581
205
581
199
581
187
581
184
581
168
581
150
581
134
581
112
581
104
581
102
581
90
581
89
581
73
581
57
581
52
581
36
581
30
581
16
581
9
582
629
582
582
583
583
584
745
584
584
585
585
586
840
586
586
586
18
587
587
588
588
589
589
590
590
591
591
592
592
592
45
593
956
593
593
594
936
594
621
594
594
595
997
595
990
595
874
595
818
595
797
595
730
595
616
595
595
595
519
595
463
595
422
595
412
595
297
595
282
595
161
595
146
595
60
595
53
596
961
596
915
596
879
596
773
596
710
596
596
596
417
596
305
596
298
596
284
596
124
596
108
596
82
597
962
597
597
597
406
598
651
598
645
598
598
598
483
598
376
599
890
599
795
599
628
599
599
599
576
599
575
599
327
599
280
600
937
600
800
600
746
600
708
600
600
600
225
600
57
600
9
601
899
601
813
601
601
601
541
601
321
601
309
602
602
602
341
602
163
603
603
603
497
603
173
603
96
604
997
604
990
604
975
604
956
604
935
604
921
604
914
604
874
604
862
604
840
604
818
604
797
604
730
604
710
604
699
604
662
604
661
604
643
604
616
604
604
604
595
604
586
604
567
604
519
604
463
604
459
604
444
604
430
604
422
604
412
604
400
604
388
604
363
604
297
604
282
604
275
604
252
604
242
604
161
604
146
604
60
604
53
604
18
605
605
606
606
606
458
607
607
607
356
607
343
608
608
609
990
609
874
609
818
609
797
609
730
609
616
609
609
609
519
609
422
609
412
609
297
609
197
609
161
609
53
610
610
611
747
611
611
611
248
612
997
612
990
612
920
612
874
612
845
612
818
612
800
612
797
612
730
612
616
612
612
612
607
612
595
612
565
612
519
612
463
612
449
612
432
612
422
612
412
612
397
612
378
612
371
612
356
612
343
612
303
612
297
612
282
612
215
612
161
612
146
612
60
612
53
612
41
612
9
613
983
613
613
613
499
613
466
613
395
613
304
614
614
615
615
615
317
615
210
616
874
616
616
617
983
617
617
618
983
618
910
618
907
618
778
618
651
618
645
618
618
618
613
618
499
618
483
618
470
618
466
618
395
618
393
618
376
618
344
618
304
618
246
618
34
619
619
619
91
620
984
620
785
620
620
620
514
620
183
621
621
622
974
622
965
622
935
622
924
622
887
622
884
622
879
622
856
622
828
622
827
622
810
622
777
622
775
622
774
622
770
622
752
622
732
622
677
622
658
622
651
622
622
622
610
622
536
622
528
622
502
622
484
622
445
622
437
622
436
622
423
622
401
622
400
622
383
622
363
622
316
622
267
622
239
622
231
622
201
622
133
622
132
622
128
622
127
622
109
622
92
622
91
622
85
622
76
623
678
623
623
623
243
624
624
625
837
625
636
625
625
625
449
625
397
625
303
625
279
625
263
625
221
625
142
625
114
625
101
625
87
625
35
626
801
626
626
626
40
627
929
627
627
627
129
628
890
628
795
628
628
628
280
629
629
630
874
630
818
630
797
630
730
630
630
630
616
630
519
630
422
630
412
630
297
630
161
630
53
631
631
631
312
632
632
633
633
633
585
634
899
634
851
634
813
634
634
634
601
634
541
634
321
634
309
635
899
635
803
635
748
635
635
635
224
635
39
635
23
636
837
636
636
636
449
636
397
636
303
636
279
636
263
636
221
636
142
636
114
636
101
636
87
636
35
637
999
637
902
637
850
637
834
637
788
637
773
637
736
637
725
637
718
637
716
637
637
637
578
637
574
637
571
637
537
637
534
637
468
637
441
637
399
637
371
637
363
637
338
637
218
637
131
637
113
637
73
637
54
637
51
637
36
637
15
638
979
638
638
639
639
640
987
640
965
640
937
640
935
640
922
640
890
640
884
640
882
640
879
640
874
640
856
640
827
640
818
640
810
640
808
640
806
640
800
640
797
640
795
640
777
640
775
640
770
640
752
640
746
640
730
640
708
640
699
640
658
640
640
640
632
640
630
640
628
640
616
640
569
640
536
640
528
640
519
640
506
640
437
640
423
640
422
640
412
640
366
640
363
640
310
640
307
640
297
640
280
640
279
640
238
640
234
640
201
640
161
640
147
640
141
640
128
640
127
640
85
640
76
640
57
640
53
640
24
640
9
641
976
641
880
641
868
641
641
641
430
641
47
642
642
643
643
644
878
644
727
644
644
644
240
644
148
645
651
645
645
645
483
645
376
646
984
646
785
646
646
646
620
646
564
646
514
646
183
647
732
647
647
648
648
649
649
649
144
650
650
650
69
651
651
652
983
652
891
652
855
652
854
652
853
652
849
652
819
652
754
652
683
652
652
652
546
652
430
652
387
652
150
652
90
652
89
652
16
653
997
653
990
653
983
653
934
653
928
653
899
653
891
653
874
653
855
653
853
653
851
653
849
653
819
653
818
653
813
653
797
653
772
653
754
653
730
653
683
653
653
653
649
653
634
653
616
653
601
653
595
653
561
653
546
653
541
653
519
653
463
653
444
653
430
653
422
653
412
653
387
653
321
653
309
653
297
653
282
653
161
653
146
653
144
653
90
653
89
653
60
653
53
653
16
654
774
654
654
654
237
655
655
655
246
655
27
656
935
656
874
656
818
656
656
656
616
656
533
656
454
656
363
656
272
656
32
657
997
657
990
657
975
657
956
657
934
657
914
657
874
657
862
657
818
657
797
657
730
657
699
657
657
657
616
657
595
657
519
657
463
657
459
657
444
657
439
657
430
657
422
657
412
657
388
657
340
657
322
657
297
657
282
657
252
657
242
657
161
657
146
657
60
657
53
657
31
658
879
658
827
658
658
658
528
659
659
660
660
660
142
661
997
661
990
661
975
661
956
661
935
661
914
661
874
661
862
661
818
661
797
661
730
661
699
661
661
661
616
661
595
661
519
661
463
661
459
661
444
661
430
661
422
661
412
661
400
661
388
661
363
661
297
661
282
661
252
661
242
661
161
661
146
661
60
661
53
662
662
663
974
663
965
663
935
663
924
663
884
663
879
663
856
663
827
663
822
663
810
663
777
663
775
663
770
663
752
663
732
663
663
663
658
663
655
663
651
663
587
663
536
663
528
663
437
663
423
663
398
663
383
663
363
663
246
663
201
663
128
663
127
663
109
663
95
663
91
663
85
663
76
663
27
663
14
664
997
664
990
664
975
664
956
664
935
664
921
664
914
664
874
664
862
664
818
664
797
664
730
664
710
664
699
664
664
664
662
664
661
664
643
664
616
664
595
664
519
664
463
664
459
664
444
664
430
664
422
664
412
664
400
664
388
664
363
664
297
664
282
664
252
664
242
664
161
664
146
664
60
664
53
665
984
665
785
665
774
665
680
665
665
665
620
665
514
665
183
666
666
667
937
667
850
667
800
667
746
667
736
667
708
667
667
667
600
667
574
667
556
667
535
667
400
667
399
667
391
667
225
667
184
667
168
667
73
667
65
667
57
667
36
667
9
668
819
668
774
668
668
668
237
669
669
670
937
670
800
670
746
670
708
670
670
670
362
670
57
670
9
671
671
672
983
672
976
672
880
672
868
672
672
672
641
672
545
672
430
672
47
673
915
673
893
673
873
673
773
673
673
673
433
673
384
673
345
673
236
673
167
674
674
674
314
675
675
676
997
676
990
676
874
676
818
676
797
676
788
676
773
676
730
676
716
676
676
676
616
676
595
676
571
676
519
676
489
676
468
676
463
676
422
676
412
676
297
676
282
676
164
676
161
676
146
676
100
676
73
676
60
676
54
676
53
677
677
678
678
679
793
679
679
679
555
679
387
679
31
680
680
681
681
681
224
682
682
683
683
684
684
684
387
684
115
685
890
685
685
686
987
686
934
686
922
686
882
686
686
686
439
686
366
686
340
686
322
686
31
687
987
687
899
687
803
687
737
687
687
687
366
688
688
688
445
689
778
689
689
689
651
689
645
689
483
689
470
689
376
689
344
689
34
690
853
690
790
690
690
690
524
690
481
690
221
690
135
691
983
691
891
691
855
691
854
691
853
691
849
691
819
691
754
691
743
691
691
691
683
691
546
691
387
691
90
691
89
691
16
692
692
693
956
693
937
693
850
693
800
693
746
693
736
693
708
693
693
693
600
693
574
693
556
693
535
693
479
693
400
693
399
693
391
693
388
693
225
693
184
693
168
693
73
693
65
693
57
693
36
693
9
694
890
694
767
694
699
694
694
694
685
695
822
695
695
695
655
695
587
695
475
695
332
695
246
695
27
695
14
696
696
696
170
697
884
697
697
697
536
697
437
698
698
699
699
700
700
701
997
701
990
701
898
701
874
701
818
701
813
701
797
701
730
701
701
701
616
701
595
701
541
701
519
701
463
701
422
701
412
701
321
701
297
701
282
701
161
701
146
701
60
701
53
701
11
702
961
702
915
702
879
702
773
702
710
702
702
702
642
702
596
702
417
702
394
702
305
702
298
702
284
702
124
702
108
702
82
703
813
703
703
703
541
703
321
704
915
704
873
704
773
704
704
704
433
704
384
704
345
704
236
704
198
705
859
705
705
705
50
706
706
707
707
708
937
708
800
708
746
708
708
708
57
708
9
709
709
710
710
711
976
711
880
711
778
711
711
711
86
712
712
713
713
714
964
714
714
714
712
714
671
715
715
716
716
717
717
718
718
719
947
719
719
720
997
720
990
720
975
720
956
720
935
720
921
720
914
720
874
720
862
720
818
720
797
720
730
720
720
720
710
720
699
720
662
720
661
720
643
720
616
720
595
720
519
720
463
720
459
720
444
720
430
720
422
720
412
720
400
720
388
720
363
720
318
720
297
720
282
720
252
720
242
720
226
720
161
720
146
720
60
720
53
721
997
721
990
721
975
721
956
721
935
721
921
721
914
721
874
721
862
721
840
721
818
721
797
721
730
721
721
721
710
721
699
721
662
721
661
721
643
721
616
721
595
721
586
721
567
721
542
721
519
721
463
721
459
721
444
721
430
721
422
721
412
721
400
721
388
721
363
721
297
721
282
721
275
721
252
721
242
721
161
721
146
721
60
721
53
721
18
722
722
723
750
723
723
723
678
723
397
723
311
723
303
723
52
724
724
725
725
725
371
726
726
727
878
727
727
728
728
729
729
729
302
729
33
729
19
730
730
731
999
731
926
731
925
731
902
731
886
731
850
731
834
731
811
731
788
731
774
731
773
731
771
731
765
731
736
731
731
731
725
731
718
731
716
731
651
731
637
731
578
731
574
731
571
731
537
731
534
731
483
731
468
731
441
731
424
731
421
731
399
731
376
731
371
731
363
731
338
731
299
731
231
731
218
731
159
731
131
731
113
731
98
731
94
731
92
731
73
731
54
731
51
731
36
731
15
732
732
733
902
733
834
733
788
733
773
733
733
733
716
733
571
733
534
733
468
733
363
733
131
733
54
733
51
733
15
734
750
734
734
734
682
734
497
734
415
734
206
734
173
734
96
735
735
736
850
736
736
736
574
736
399
736
73
736
36
737
987
737
737
737
366
738
983
738
891
738
855
738
854
738
853
738
849
738
819
738
774
738
754
738
738
738
683
738
546
738
430
738
387
738
380
738
150
738
90
738
89
738
16
739
739
740
997
740
990
740
975
740
956
740
935
740
921
740
914
740
874
740
862
740
818
740
797
740
740
740
730
740
710
740
699
740
662
740
661
740
643
740
631
740
616
740
595
740
519
740
463
740
459
740
444
740
430
740
422
740
412
740
400
740
388
740
363
740
312
740
297
740
282
740
275
740
252
740
242
740
161
740
146
740
60
740
53
741
741
742
837
742
742
742
114
742
87
743
854
743
743
744
937
744
800
744
746
744
744
744
708
744
600
744
400
744
269
744
225
744
184
744
80
744
70
744
57
744
9
745
745
746
937
746
800
746
746
746
57
746
9
747
747
748
748
749
749
749
614
750
750
751
751
752
879
752
827
752
752
752
658
752
528
753
753
754
983
754
855
754
849
754
819
754
754
754
546
754
90
754
16
755
755
756
756
756
574
757
814
757
757
757
386
757
283
757
10
758
890
758
758
758
685
759
759
759
542
759
257
760
760
760
678
761
956
761
935
761
874
761
835
761
818
761
780
761
761
761
616
761
593
761
535
761
533
761
379
761
363
761
272
761
32
762
762
762
417
762
413
762
298
762
108
762
82
762
27
763
763
764
764
765
765
766
955
766
884
766
766
766
610
766
437
767
767
768
915
768
873
768
773
768
768
768
453
768
433
768
384
768
345
768
317
768
236
769
956
769
940
769
935
769
874
769
835
769
818
769
780
769
769
769
616
769
593
769
535
769
533
769
450
769
379
769
363
769
272
769
40
769
32
769
13
770
879
770
827
770
775
770
770
770
752
770
658
770
528
771
999
771
926
771
925
771
902
771
850
771
834
771
788
771
774
771
773
771
771
771
736
771
725
771
718
771
716
771
651
771
637
771
578
771
574
771
571
771
537
771
534
771
483
771
468
771
441
771
399
771
376
771
371
771
363
771
338
771
299
771
231
771
218
771
131
771
113
771
98
771
92
771
73
771
54
771
51
771
36
771
15
772
772
773
773
774
774
775
775
776
879
776
827
776
781
776
776
776
775
776
770
776
752
776
658
776
528
776
201
777
884
777
879
777
827
777
810
777
777
777
775
777
770
777
752
777
658
777
536
777
528
777
437
777
201
777
127
778
778
779
925
779
915
779
893
779
879
779
873
779
827
779
801
779
779
779
774
779
773
779
546
779
528
779
504
779
433
779
392
779
384
779
345
779
319
779
286
779
236
779
231
779
167
779
92
779
40
780
935
780
874
780
818
780
780
780
616
780
535
780
533
780
379
780
363
780
272
780
32
781
879
781
827
781
781
781
775
781
770
781
752
781
658
781
528
781
201
782
983
782
891
782
855
782
854
782
853
782
849
782
819
782
782
782
754
782
683
782
652
782
546
782
430
782
387
782
150
782
134
782
90
782
89
782
16
783
959
783
783
784
784
785
785
786
786
786
559
786
420
787
787
787
314
787
241
787
4
788
788
788
773
788
716
788
571
788
468
788
54
789
789
790
790
790
221
791
791
792
915
792
873
792
792
792
773
792
768
792
453
792
433
792
384
792
345
792
317
792
236
793
793
793
387
794
794
795
890
795
795
795
280
796
997
796
990
796
975
796
956
796
934
796
914
796
874
796
862
796
818
796
797
796
796
796
730
796
699
796
657
796
616
796
595
796
519
796
463
796
459
796
444
796
439
796
430
796
422
796
412
796
388
796
340
796
322
796
297
796
282
796
252
796
242
796
161
796
146
796
60
796
53
796
31
797
874
797
818
797
797
797
730
797
616
797
297
798
798
798
379
799
799
800
800
801
801
801
40
802
802
803
899
803
803
804
804
805
805
805
263
805
142
806
806
806
279
807
807
808
987
808
965
808
935
808
922
808
884
808
882
808
879
808
856
808
827
808
810
808
808
808
777
808
775
808
770
808
752
808
658
808
536
808
528
808
437
808
423
808
366
808
363
808
234
808
201
808
147
808
141
808
128
808
127
808
85
808
76
808
24
809
809
810
810
811
999
811
926
811
925
811
902
811
850
811
834
811
811
811
788
811
774
811
773
811
771
811
765
811
736
811
725
811
718
811
716
811
651
811
637
811
578
811
574
811
571
811
537
811
534
811
483
811
468
811
441
811
424
811
421
811
399
811
376
811
371
811
363
811
338
811
299
811
231
811
218
811
159
811
131
811
113
811
98
811
94
811
92
811
73
811
54
811
51
811
36
811
15
812
812
813
813
814
814
814
283
814
10
815
878
815
815
815
727
816
816
817
976
817
880
817
817
818
874
818
818
818
616
819
819
820
820
821
821
822
822
822
655
822
246
822
27
823
997
823
990
823
920
823
874
823
845
823
823
823
818
823
800
823
797
823
730
823
616
823
612
823
607
823
595
823
565
823
519
823
463
823
449
823
432
823
422
823
412
823
397
823
378
823
371
823
356
823
343
823
303
823
297
823
282
823
215
823
161
823
146
823
60
823
53
823
41
823
9
824
824
825
825
826
923
826
826
827
879
827
827
827
528
828
828
828
677
828
610
828
502
829
829
829
678
829
583
829
397
829
311
829
303
830
830
830
788
830
773
830
716
830
571
830
468
830
54
831
831
831
709
832
854
832
832
832
825
833
997
833
990
833
920
833
874
833
845
833
833
833
823
833
818
833
800
833
797
833
730
833
616
833
612
833
607
833
595
833
565
833
519
833
463
833
449
833
432
833
422
833
412
833
397
833
378
833
371
833
356
833
343
833
303
833
297
833
282
833
215
833
161
833
146
833
60
833
53
833
41
833
9
834
902
834
834
834
15
835
956
835
935
835
874
835
835
835
818
835
780
835
616
835
593
835
535
835
533
835
379
835
363
835
272
835
32
836
836
837
837
838
838
839
839
840
840
841
841
842
842
843
843
844
844
844
800
844
778
845
845
846
846
847
937
847
849
847
847
847
819
847
800
847
746
847
708
847
600
847
400
847
396
847
375
847
225
847
184
847
80
847
57
847
9
848
848
849
849
849
819
850
850
850
574
850
399
850
73
850
36
851
899
851
851
851
813
851
601
851
541
851
321
851
309
852
990
852
874
852
852
852
818
852
797
852
730
852
616
852
519
852
422
852
412
852
359
852
297
852
197
852
161
852
53
853
853
854
854
855
855
855
546
856
856
856
810
857
995
857
908
857
879
857
857
857
840
857
837
857
827
857
688
857
528
857
445
857
328
857
260
857
114
857
87
857
64
857
18
857
12
858
868
858
858
858
762
858
747
858
611
858
417
858
413
858
298
858
248
858
121
858
108
858
82
858
38
858
27
859
859
859
50
860
860
860
363
860
50
861
861
861
378
861
371
862
997
862
990
862
874
862
862
862
818
862
797
862
730
862
699
862
616
862
595
862
519
862
463
862
444
862
430
862
422
862
412
862
297
862
282
862
252
862
161
862
146
862
60
862
53
863
863
864
864
865
865
866
869
866
866
867
867
868
868
869
869
870
870
871
974
871
965
871
953
871
935
871
924
871
916
871
890
871
884
871
881
871
879
871
874
871
871
871
856
871
836
871
827
871
818
871
810
871
777
871
775
871
773
871
770
871
752
871
732
871
716
871
699
871
685
871
658
871
651
871
616
871
572
871
571
871
570
871
536
871
528
871
512
871
468
871
437
871
423
871
411
871
410
871
377
871
363
871
312
871
272
871
258
871
243
871
225
871
201
871
189
871
166
871
156
871
128
871
127
871
125
871
85
871
76
871
54
872
872
872
651
872
645
872
602
872
483
872
376
872
341
872
163
873
915
873
873
873
773
873
433
873
384
873
345
873
236
874
874
875
915
875
875
875
873
875
773
875
768
875
453
875
433
875
384
875
345
875
317
875
236
876
876
877
877
877
683
877
493
878
878
879
879
880
976
880
880
881
974
881
965
881
953
881
935
881
924
881
916
881
890
881
884
881
881
881
879
881
856
881
836
881
827
881
810
881
777
881
775
881
773
881
770
881
752
881
732
881
716
881
699
881
685
881
658
881
651
881
572
881
571
881
570
881
536
881
528
881
512
881
468
881
437
881
423
881
410
881
377
881
363
881
312
881
258
881
243
881
225
881
201
881
189
881
166
881
128
881
127
881
125
881
85
881
76
881
54
882
987
882
922
882
882
882
366
883
937
883
883
883
850
883
800
883
746
883
736
883
708
883
667
883
600
883
574
883
556
883
535
883
400
883
399
883
391
883
225
883
184
883
168
883
73
883
65
883
57
883
36
883
9
884
884
884
437
885
885
885
282
885
180
885
146
885
60
886
886
887
887
887
828
887
677
887
610
887
502
888
888
889
915
889
889
889
875
889
873
889
773
889
768
889
745
889
675
889
574
889
485
889
453
889
433
889
384
889
345
889
336
889
317
889
236
890
890
891
983
891
891
891
855
891
853
891
849
891
819
891
754
891
683
891
546
891
387
891
90
891
89
891
16
892
892
892
699
892
580
892
28
892
2
893
915
893
893
893
873
893
773
893
433
893
384
893
345
893
236
893
167
894
894
895
998
895
983
895
895
895
861
895
849
895
819
895
378
895
371
895
315
895
199
895
90
895
16
896
896
896
890
896
292
897
937
897
897
897
800
897
746
897
708
897
600
897
397
897
303
897
225
897
195
897
57
897
9
898
898
898
813
899
899
900
900
901
901
901
553
902
902
902
15
903
903
904
904
904
828
904
677
904
610
904
502
905
905
906
997
906
990
906
906
906
874
906
862
906
818
906
797
906
730
906
699
906
616
906
595
906
585
906
574
906
519
906
463
906
444
906
430
906
422
906
412
906
297
906
282
906
252
906
174
906
161
906
146
906
60
906
53
907
983
907
910
907
907
907
778
907
651
907
645
907
613
907
499
907
483
907
470
907
466
907
395
907
393
907
376
907
344
907
304
907
246
907
34
908
908
909
909
910
983
910
910
910
613
910
499
910
466
910
395
910
393
910
304
910
246
911
937
911
911
911
897
911
800
911
746
911
708
911
600
911
397
911
303
911
225
911
195
911
77
911
57
911
9
912
956
912
935
912
912
912
874
912
835
912
818
912
780
912
761
912
639
912
616
912
593
912
535
912
533
912
508
912
379
912
363
912
272
912
254
912
32
912
26
913
913
913
136
914
997
914
990
914
975
914
956
914
914
914
874
914
862
914
818
914
797
914
730
914
699
914
616
914
595
914
519
914
463
914
459
914
444
914
430
914
422
914
412
914
388
914
297
914
282
914
252
914
242
914
161
914
146
914
60
914
53
915
915
915
773
916
916
916
312
916
225
917
917
917
649
917
144
918
918
919
919
919
845
919
234
920
920
920
378
920
371
921
997
921
990
921
975
921
956
921
935
921
921
921
914
921
874
921
862
921
818
921
797
921
730
921
710
921
699
921
662
921
661
921
643
921
616
921
595
921
519
921
463
921
459
921
444
921
430
921
422
921
412
921
400
921
388
921
363
921
297
921
282
921
252
921
242
921
161
921
146
921
60
921
53
922
987
922
922
922
366
923
923
924
965
924
935
924
924
924
884
924
879
924
856
924
827
924
810
924
777
924
775
924
770
924
752
924
732
924
658
924
536
924
528
924
437
924
423
924
363
924
201
924
128
924
127
924
85
924
76
925
925
925
774
925
231
925
92
926
999
926
926
926
902
926
850
926
834
926
788
926
773
926
736
926
725
926
718
926
716
926
651
926
637
926
578
926
574
926
571
926
537
926
534
926
483
926
468
926
441
926
399
926
376
926
371
926
363
926
338
926
299
926
218
926
131
926
113
926
98
926
73
926
54
926
51
926
36
926
15
927
927
927
741
927
517
927
323
928
983
928
928
928
891
928
855
928
853
928
849
928
819
928
754
928
683
928
649
928
546
928
387
928
144
928
90
928
89
928
16
929
929
929
129
930
930
930
773
930
716
930
571
930
468
931
931
931
849
931
819
931
409
931
396
931
375
932
932
933
933
934
934
935
935
935
363
936
936
937
937
938
997
938
990
938
975
938
956
938
938
938
935
938
921
938
914
938
874
938
862
938
818
938
797
938
740
938
730
938
710
938
699
938
662
938
661
938
643
938
631
938
616
938
595
938
519
938
463
938
459
938
444
938
430
938
422
938
412
938
400
938
388
938
363
938
312
938
297
938
282
938
275
938
252
938
242
938
161
938
149
938
146
938
60
938
53
939
939
939
458
939
324
939
152
940
940
940
40
941
941
942
997
942
990
942
975
942
956
942
942
942
934
942
920
942
914
942
879
942
874
942
862
942
845
942
833
942
827
942
823
942
818
942
800
942
797
942
762
942
730
942
699
942
657
942
616
942
612
942
607
942
595
942
565
942
528
942
519
942
463
942
459
942
449
942
448
942
444
942
439
942
432
942
430
942
422
942
417
942
413
942
412
942
397
942
388
942
378
942
371
942
356
942
343
942
340
942
322
942
303
942
298
942
297
942
282
942
252
942
242
942
215
942
161
942
146
942
108
942
82
942
60
942
53
942
41
942
31
942
27
942
9
943
943
943
853
943
1
944
944
944
765
944
421
944
189
944
94
945
995
945
945
945
908
945
879
945
840
945
837
945
827
945
688
945
528
945
445
945
328
945
114
945
87
945
64
945
18
945
12
946
965
946
946
946
935
946
884
946
879
946
856
946
827
946
810
946
777
946
775
946
770
946
752
946
658
946
536
946
528
946
437
946
423
946
363
946
201
946
128
946
127
946
85
946
76
947
947
948
948
949
949
949
930
949
773
949
716
949
571
949
540
949
468
949
390
950
984
950
950
950
554
950
514
950
486
950
282
950
265
950
193
950
183
950
159
950
146
950
60
951
997
951
990
951
951
951
920
951
874
951
845
951
833
951
823
951
818
951
800
951
797
951
730
951
616
951
612
951
607
951
595
951
565
951
519
951
463
951
449
951
432
951
422
951
412
951
397
951
378
951
371
951
356
951
343
951
303
951
297
951
282
951
215
951
161
951
146
951
60
951
53
951
41
951
9
952
952
953
953
954
954
954
890
954
795
954
628
954
280
955
955
955
610
956
956
957
997
957
990
957
975
957
957
957
956
957
874
957
862
957
818
957
797
957
730
957
699
957
616
957
595
957
519
957
463
957
459
957
444
957
430
957
422
957
412
957
388
957
297
957
282
957
252
957
246
957
161
957
146
957
60
957
53
958
958
958
195
959
959
960
960
961
961
961
879
961
124
962
962
963
999
963
963
963
937
963
926
963
902
963
897
963
850
963
834
963
800
963
788
963
773
963
746
963
736
963
725
963
718
963
716
963
708
963
651
963
637
963
600
963
578
963
574
963
571
963
537
963
534
963
483
963
468
963
441
963
416
963
399
963
397
963
376
963
371
963
363
963
338
963
303
963
299
963
225
963
218
963
195
963
131
963
113
963
98
963
73
963
57
963
54
963
51
963
36
963
15
963
9
964
964
964
712
964
671
965
965
965
884
965
879
965
856
965
827
965
810
965
777
965
775
965
770
965
752
965
658
965
536
965
528
965
437
965
423
965
201
965
127
965
76
966
966
966
958
966
837
966
636
966
625
966
449
966
397
966
303
966
279
966
263
966
221
966
195
966
142
966
114
966
101
966
87
966
35
967
967
967
105
968
968
969
969
970
983
970
970
970
891
970
855
970
853
970
849
970
819
970
754
970
683
970
546
970
387
970
90
970
89
970
16
971
983
971
971
971
466
971
304
972
972
972
837
972
742
972
114
972
87
973
973
973
794
974
974
974
965
974
935
974
924
974
884
974
879
974
856
974
827
974
810
974
777
974
775
974
770
974
752
974
732
974
658
974
651
974
536
974
528
974
437
974
423
974
363
974
201
974
128
974
127
974
85
974
76
975
997
975
990
975
975
975
956
975
874
975
862
975
818
975
797
975
730
975
699
975
616
975
595
975
519
975
463
975
459
975
444
975
430
975
422
975
412
975
388
975
297
975
282
975
252
975
161
975
146
975
60
975
53
976
976
977
977
978
978
978
177
979
979
980
980
980
362
980
354
980
189
981
981
982
982
983
983
984
984
984
514
985
985
985
312
986
986
986
916
986
312
986
225
987
987
988
988
989
989
989
836
990
990
990
874
990
818
990
797
990
730
990
616
990
519
990
422
990
412
990
297
990
161
990
53
991
991
991
925
991
774
991
651
991
483
991
376
991
231
991
92
992
992
992
983
992
891
992
855
992
854
992
853
992
849
992
819
992
782
992
754
992
739
992
683
992
652
992
546
992
516
992
430
992
387
992
283
992
150
992
134
992
90
992
89
992
16
993
993
993
925
993
915
993
893
993
873
993
801
993
774
993
773
993
546
993
504
993
433
993
392
993
384
993
345
993
319
993
286
993
236
993
231
993
167
993
92
993
40
994
994
994
884
994
536
994
437
995
995
995
908
995
879
995
840
995
837
995
827
995
688
995
528
995
445
995
328
995
114
995
87
995
64
995
18
995
12
996
996
996
890
997
997
998
998
999
999
999
718
